001  047  093  139  185  231  277  323  369  415  461  507  553  599  645  691  737  783  829  875  921  967
002  048  094  140  186  232  278  324  370  416  462  508  554  600  646  692  738  784  830  876  922  968
003  049  095  141  187  233  279  325  371  417  463  509  555  601  647  693  739  785  831  877  923  969
004  050  096  142  188  234  280  326  372  418  464  510  556  602  648  694  740  786  832  878  924  970
005  051  097  143  189  235  281  327  373  419  465  511  557  603  649  695  741  787  833  879  925  971
006  052  098  144  190  236  282  328  374  420  466  512  558  604  650  696  742  788  834  880  926  972
007  053  099  145  191  237  283  329  375  421  467  513  559  605  651  697  743  789  835  881  927  973
008  054  100  146  192  238  284  330  376  422  468  514  560  606  652  698  744  790  836  882  928  974
009  055  101  147  193  239  285  331  377  423  469  515  561  607  653  699  745  791  837  883  929  975
010  056  102  148  194  240  286  332  378  424  470  516  562  608  654  700  746  792  838  884  930  976
011  057  103  149  195  241  287  333  379  425  471  517  563  609  655  701  747  793  839  885  931  977
012  058  104  150  196  242  288  334  380  426  472  518  564  610  656  702  748  794  840  886  932  978
013  059  105  151  197  243  289  335  381  427  473  519  565  611  657  703  749  795  841  887  933  979
014  060  106  152  198  244  290  336  382  428  474  520  566  612  658  704  750  796  842  888  934  980
015  061  107  153  199  245  291  337  383  429  475  521  567  613  659  705  751  797  843  889  935  981
016  062  108  154  200  246  292  338  384  430  476  522  568  614  660  706  752  798  844  890  936  982
017  063  109  155  201  247  293  339  385  431  477  523  569  615  661  707  753  799  845  891  937  983
018  064  110  156  202  248  294  340  386  432  478  524  570  616  662  708  754  800  846  892  938  984
019  065  111  157  203  249  295  341  387  433  479  525  571  617  663  709  755  801  847  893  939  985
020  066  112  158  204  250  296  342  388  434  480  526  572  618  664  710  756  802  848  894  940  986
021  067  113  159  205  251  297  343  389  435  481  527  573  619  665  711  757  803  849  895  941  987
022  068  114  160  206  252  298  344  390  436  482  528  574  620  666  712  758  804  850  896  942  988
023  069  115  161  207  253  299  345  391  437  483  529  575  621  667  713  759  805  851  897  943  989
024  070  116  162  208  254  300  346  392  438  484  530  576  622  668  714  760  806  852  898  944  990
025  071  117  163  209  255  301  347  393  439  485  531  577  623  669  715  761  807  853  899  945  991
026  072  118  164  210  256  302  348  394  440  486  532  578  624  670  716  762  808  854  900  946  992
027  073  119  165  211  257  303  349  395  441  487  533  579  625  671  717  763  809  855  901  947  993
028  074  120  166  212  258  304  350  396  442  488  534  580  626  672  718  764  810  856  902  948  994
029  075  121  167  213  259  305  351  397  443  489  535  581  627  673  719  765  811  857  903  949  995
030  076  122  168  214  260  306  352  398  444  490  536  582  628  674  720  766  812  858  904  950  996
031  077  123  169  215  261  307  353  399  445  491  537  583  629  675  721  767  813  859  905  951  997
032  078  124  170  216  262  308  354  400  446  492  538  584  630  676  722  768  814  860  906  952  998
033  079  125  171  217  263  309  355  401  447  493  539  585  631  677  723  769  815  861  907  953  999
034  080  126  172  218  264  310  356  402  448  494  540  586  632  678  724  770  816  862  908  954
035  081  127  173  219  265  311  357  403  449  495  541  587  633  679  725  771  817  863  909  955
036  082  128  174  220  266  312  358  404  450  496  542  588  634  680  726  772  818  864  910  956
037  083  129  175  221  267  313  359  405  451  497  543  589  635  681  727  773  819  865  911  957
038  084  130  176  222  268  314  360  406  452  498  544  590  636  682  728  774  820  866  912  958
039  085  131  177  223  269  315  361  407  453  499  545  591  637  683  729  775  821  867  913  959
040  086  132  178  224  270  316  362  408  454  500  546  592  638  684  730  776  822  868  914  960
041  087  133  179  225  271  317  363  409  455  501  547  593  639  685  731  777  823  869  915  961
042  088  134  180  226  272  318  364  410  456  502  548  594  640  686  732  778  824  870  916  962
043  089  135  181  227  273  319  365  411  457  503  549  595  641  687  733  779  825  871  917  963
044  090  136  182  228  274  320  366  412  458  504  550  596  642  688  734  780  826  872  918  964
045  091  137  183  229  275  321  367  413  459  505  551  597  643  689  735  781  827  873  919  965
046  092  138  184  230  276  322  368  414  460  506  552  598  644  690  736  782  828  874  920  966
